        <!-- This is the svg start -->
        <svg style="position: absolute; bottom: 0;right: 0;" width="277" height="277" viewBox="0 0 277 277" fill="none"
            class="eye">
            <path
                d="M52.4583 107.417C52.4583 107.417 30.06 122.116 19.4501 146.413C8.05365 149.157 0.194808 152.867 0.194808 158.173C0.194808 163.479 5.89254 164.444 5.89254 164.444C5.89254 164.444 -1.26184 169.605 0.194808 175.027C1.65145 180.448 6.2853 179.34 7.85725 178.749C5.49978 192.077 5.89256 208.538 15.3234 224.413C24.7541 240.289 34.775 249.107 51.0863 242.052C53.6411 250.086 56.7841 257.926 56.7841 257.926C56.7841 257.926 43.2266 260.865 40.8691 271.448C39.4935 275.761 41.2618 277.328 48.3352 276.936C55.4085 276.544 226.12 276.936 232.24 276.936C238.359 276.936 237.937 274.388 234.991 269.685C232.044 264.981 228.31 258.709 219.862 257.926C223.006 247.735 224.775 242.444 224.775 242.444C224.775 242.444 239.117 249.107 249.924 238.525C260.73 227.943 273.501 208.931 268.391 178.75C277.039 180.907 279.394 172.675 269.766 164.052C278.215 160.328 281.162 153.665 257.785 146.805C245.603 127.599 238.334 118.976 223.794 107.808C223.794 84.2621 223.401 58.6178 198.056 34.7085C172.711 10.7991 118.088 -12.7193 120.447 10.6023C99.8177 10.7982 82.5262 10.7982 82.5262 20.0101C82.5262 24.7292 88.6167 25.8893 88.6167 25.8893C88.6167 25.8893 52.4646 48.3842 52.4646 93.1101L52.4583 107.417Z"
                fill="#002C3A" />
            <path
                d="M116.82 21.4103C113.614 22.0393 111.044 22.5084 99.6904 22.5084C88.3363 22.5084 87.6508 21.0042 87.6508 19.2835C87.6508 17.5627 94.8051 15.1664 113.655 15.1664C132.505 15.1664 131.817 17.8431 145.575 16.3344C135.531 14.8968 124.799 11.9433 124.456 8.44346C124.113 4.94364 133.33 5.2186 140.829 7.34545C155.929 11.4957 170.116 18.4324 182.655 27.7962C200.335 41.039 217.607 60.5877 219.074 92.725C220.54 124.862 218.25 139.795 205.693 139.795C201.713 139.795 199.53 138.986 197.787 140.839C196.044 142.692 190.927 152.899 179.069 150.348C176.046 149.539 176.12 151.035 178.115 152.27C180.73 153.622 183.677 154.206 186.612 153.951C189.547 153.696 192.348 152.615 194.69 150.832C201.569 145.549 200.193 143.97 202.945 144.657C205.697 145.345 214.571 145.069 219.042 137.04C223.513 129.012 223.858 123.943 223.858 113.642C229.224 117.004 248.355 135.857 251.378 146.408C251.843 148.728 253.48 150.503 257.684 151.217C261.888 151.93 271.188 156.122 271.278 157.817C271.368 159.513 270.476 160.136 264.928 160.136C262.243 160.136 261.082 162.456 263.408 164.419C265.734 166.382 273.514 173.339 271.278 174.945C269.846 175.837 266.001 168.968 263.944 169.771C261.888 170.575 261.977 171.913 263.404 176.105C264.831 180.298 267.07 195.195 263.404 207.237C259.737 219.279 255.175 221.866 250.522 219.008C247.571 217.046 248.197 213.388 245.961 212.14C243.725 210.891 243.372 216.158 237.108 216.064C232.901 216.002 229.417 209.731 227.36 210.444C225.302 211.157 219.579 214.637 215.823 207.233C217.433 198.223 220.294 181.631 215.198 171.551C210.101 161.47 207.685 163.433 209.652 168.339C211.619 173.245 214.928 183.415 212.335 199.472C209.741 215.529 207.237 230.871 221.009 240.416C217.521 250.318 214.749 257.365 214.749 257.365C214.749 257.365 202.948 255.759 180.587 272.173H140.533V258.164C143.899 257.797 147.077 256.429 149.655 254.238C156.452 256.825 163.875 257.182 172.012 250.045C176.305 252.008 184.443 253.257 191.508 240.679C183.19 251.117 176.483 250.67 172.012 246.121C165.841 249.956 159.851 255.576 149.118 249.153C141.964 253.703 137.047 256.557 127.744 249.153C123.093 252.721 118.354 254.863 108.695 246.121C103.597 249.332 99.394 249.957 89.2885 240.769C96.6213 250.491 101.99 252.989 108.247 250.045C113.434 253.792 117.548 258.698 127.743 254.595C130.318 256.379 133.245 257.596 136.328 258.164V272.168H96.1753C96.1753 272.168 79.9883 258.074 62.0131 257.182C58.0783 245.942 55.8425 239.965 55.9317 239.698C56.0208 239.431 66.2471 233.621 65.6795 219.181C65.112 204.74 60.4925 189.654 64.8751 172.26C67.0209 164.321 66.2164 161.645 62.1023 169.048C57.9882 176.451 58.1675 192.508 59.9557 206.607C57.4513 212.494 52.8013 212.852 47.5242 210.443C43.4101 214.636 38.8492 219.363 30.8003 212.138C27.0438 217.044 26.0646 219.721 22.3937 219.721C18.7228 219.721 11.3045 212.772 11.3045 193.227C11.3045 176.634 14.9709 171.818 13.362 170.302C11.7531 168.785 8.89029 171.373 7.45977 173.334C6.02926 175.296 2.80966 174.851 4.77708 172.264C6.74449 169.677 14.6142 163.433 13.989 161.65C13.3638 159.866 11.7567 160.043 10.501 160.043C9.2452 160.043 5.2248 160.672 5.13562 158.437C5.04643 156.203 14.2574 152.371 17.3869 151.836C20.5164 151.3 22.9315 150.051 25.6142 144.343C28.2969 138.634 40.4599 121.417 52.7112 113.121V122.755C52.7112 129.218 55.1254 136.046 59.5971 140.15C64.0688 144.254 68.8081 145.235 75.8733 144.699C80.1658 151.212 89.4668 156.92 98.4103 152.817C101.271 151.479 100.735 148.982 97.605 150.141C94.4746 151.3 84.9032 151.301 79.6298 142.291C78.1092 139.348 76.7678 139.615 74.2635 140.151C71.7592 140.687 64.4256 140.6 61.2069 135.334C57.9882 130.068 57.4504 128.554 57.4504 119.545V90.0186C57.4504 73.8376 65.6786 55.9431 76.231 43.6331C86.7833 31.323 96.0844 26.8627 96.0844 26.8627C96.0844 26.8627 111.978 25.0611 116.82 21.4103Z"
                fill="#A7EAFF" />
            <path
                d="M19.6191 223.732C19.6191 223.732 26.4159 226.051 31.8704 218.29C39.8293 221.412 43.5858 220.431 48.4151 215.346C55.2119 216.863 58.4315 215.616 60.8466 213.473C61.3871 221.412 62.0978 232.829 49.3997 238.452C36.7016 244.076 28.205 234.973 25.1674 231.405C23.1441 228.977 21.2903 226.413 19.6191 223.732V223.732Z"
                fill="#34CFFF" />
            <path
                d="M256.992 223.732C256.992 223.732 250.196 226.051 244.741 218.29C236.781 221.412 233.026 220.431 228.196 215.346C221.399 216.863 218.179 215.616 215.764 213.473C215.224 221.412 214.512 232.829 227.211 238.452C239.91 244.076 248.406 234.973 251.443 231.405C253.467 228.977 255.321 226.413 256.992 223.732V223.732Z"
                fill="#34CFFF" />
            <path
                d="M73.2806 181.631C74.8904 182.613 81.8485 188.232 87.5003 188.232C93.1521 188.232 91.8828 186.092 91.1676 184.129C90.4523 182.165 93.2242 180.471 94.9231 182.166C96.6221 183.861 102.243 190.373 107.084 190.373C109.022 190.39 110.922 189.831 112.54 188.767C111.736 190.201 110.551 191.385 109.114 192.188C107.678 192.991 106.046 193.381 104.401 193.316C102.587 193.275 100.803 192.848 99.1684 192.063C97.5336 191.279 96.0856 190.155 94.9213 188.768C94.1548 190.036 93.0626 191.077 91.7575 191.782C90.4525 192.488 88.9821 192.833 87.4985 192.781C82.134 192.778 74.1752 185.106 73.2806 181.631Z"
                fill="#002C3A" />
            <path
                d="M203.897 173.531C202.287 174.512 195.329 180.132 189.677 180.132C184.025 180.132 185.294 177.991 186.01 176.028C186.725 174.065 183.953 172.371 182.254 174.066C180.555 175.76 174.934 182.272 170.093 182.272C168.155 182.29 166.255 181.731 164.637 180.666C165.441 182.099 166.626 183.282 168.062 184.084C169.498 184.887 171.129 185.277 172.774 185.212C174.587 185.171 176.372 184.744 178.007 183.96C179.642 183.175 181.09 182.051 182.254 180.664C183.02 181.932 184.113 182.972 185.418 183.678C186.723 184.384 188.193 184.729 189.677 184.677C195.042 184.677 203.002 177.006 203.897 173.531Z"
                fill="#002C3A" />
            <path
                d="M114.867 109.819C114.867 106.874 116.209 105.894 118.086 107.321C119.992 108.976 122.446 109.867 124.972 109.819C127.934 109.717 130.785 107.946 131.948 107.946C133.111 107.946 135.256 110.89 139.639 110.89C144.021 110.89 145.895 107.946 147.062 107.946C148.228 107.946 150.013 109.819 152.517 109.819C155.021 109.819 157.435 108.124 158.33 107.321C159.225 106.518 161.014 106.782 161.014 109.819C161.014 124.359 155.873 143.895 139.013 143.895C122.154 143.895 114.867 125.608 114.867 109.819Z"
                fill="#002C3A" />
            <path
                d="M121.313 128.176C121.26 129.443 124.7 134.669 125.704 134.352C126.709 134.035 126.815 126.012 125.281 125.115C123.747 124.218 121.313 128.176 121.313 128.176Z"
                fill="white" />
            <path
                d="M154.87 128.176C154.923 129.443 151.484 134.669 150.478 134.352C149.473 134.035 149.367 126.012 150.902 125.115C152.437 124.218 154.87 128.176 154.87 128.176Z"
                fill="white" />
            <path
                d="M128.51 126.909C127.879 128.123 128.192 135.513 129.198 137.153C130.204 138.792 133.908 141.059 137.717 140.953C141.527 140.847 146.766 139.106 147.296 137.153C147.825 135.199 148.301 128.285 147.613 126.909C146.925 125.534 142.649 124.376 137.717 124.376C132.785 124.376 129.145 125.697 128.51 126.909Z"
                fill="#FF3169" />
            <path
                d="M128.182 152.3C132.819 154.26 139.893 158.964 152.467 152.3C145.001 162.491 134.153 164.255 128.182 152.3Z"
                fill="#34CFFF" />
            <path
                d="M45.4135 272.169C45.482 272.074 50.0221 262.464 58.4161 261.713C54.4947 266.104 52.0202 269.588 51.3986 272.169H45.4135Z"
                fill="#34CFFF" />
            <path
                d="M231.464 272.169C231.395 272.074 226.854 262.464 218.461 261.713C222.383 266.104 224.857 269.588 225.478 272.169H231.464Z"
                fill="#00C3FF" />
            <path
                d="M55.3191 272.168C55.3191 272.168 61.0979 262.194 65.9129 261.918C67.6774 261.981 69.42 262.328 71.0728 262.948C71.0728 262.948 65.775 267.391 64.5373 272.169L55.3191 272.168Z"
                fill="#34CFFF" />
            <path
                d="M221.558 272.168C221.558 272.168 215.779 262.194 210.964 261.918C209.199 261.981 207.457 262.328 205.804 262.948C205.804 262.948 211.101 267.391 212.339 272.169L221.558 272.168Z"
                fill="#34CFFF" />
            <path
                d="M69.0783 272.169C69.0783 272.169 70.3854 266.86 74.995 264.321C79.9637 265.936 84.5186 268.615 88.3408 272.169H69.0783Z"
                fill="#34CFFF" />
            <path
                d="M207.798 272.169C207.798 272.169 206.491 266.86 201.882 264.321C196.913 265.936 192.359 268.614 188.536 272.169H207.798Z"
                fill="#34CFFF" />
            <path
                d="M79.6307 142.289C78.1101 139.345 76.7688 139.613 74.2645 140.148C71.7601 140.684 64.4274 140.598 61.2078 135.33C57.9883 130.063 57.4514 128.552 57.4514 119.541V113.492C58.7125 117.652 64.967 135.079 80.1784 129.355C88.0382 145.788 96.6528 145.638 107.538 142.32C105.556 145.391 102.976 148.033 99.9507 150.089C99.5846 149.91 99.1811 149.822 98.7737 149.83C98.3662 149.839 97.9668 149.945 97.6086 150.138C96.4379 150.518 95.2115 150.697 93.9809 150.669C91.0575 150.674 88.1859 149.899 85.663 148.426C83.1402 146.953 81.0576 144.834 79.6307 142.289V142.289Z"
                fill="#34CFFF" />
            <path
                d="M179.069 150.343C177.543 149.933 176.805 150.112 176.707 150.549C173.352 148.458 170.506 145.647 168.379 142.32C179.26 145.637 187.874 145.791 195.734 129.355C210.859 135.045 217.883 117.757 219.373 113.444C218.777 131.333 215.144 139.792 205.693 139.792C201.712 139.792 199.531 138.983 197.787 140.835C196.235 142.486 192.012 150.75 182.743 150.75C181.508 150.745 180.276 150.609 179.069 150.343Z"
                fill="#34CFFF" />
            <path
                d="M102.884 194.742C100.593 194.678 98.3526 194.05 96.3637 192.913C95.4074 192.396 94.506 191.783 93.6729 191.085C93.6729 191.085 93.6729 191.085 93.6729 191.09C93.094 191.663 92.4507 192.168 91.7559 192.593C90.2677 193.547 88.5435 194.069 86.7752 194.103C84.7627 194.064 82.8151 193.385 81.2153 192.167C78.6398 190.138 76.524 187.589 75.0068 184.686C77.6102 188.046 83.2043 192.779 87.5004 192.779C89.5886 192.82 91.6214 192.107 93.2243 190.771C93.9055 190.208 94.4808 189.528 94.9233 188.764C95.6456 189.632 96.484 190.398 97.415 191.039C99.454 192.496 101.894 193.29 104.403 193.312C105.863 193.36 107.313 193.054 108.629 192.422C109.945 191.79 111.089 190.85 111.962 189.682C112.162 189.565 112.355 189.438 112.541 189.299C112.541 189.299 112.541 189.307 112.528 189.317C111.649 190.308 110.677 191.213 109.626 192.02C108.006 193.263 105.521 194.742 102.884 194.742Z"
                fill="#34CFFF" />
            <path
                d="M174.073 187.084C171.608 187.024 169.256 186.044 167.48 184.34C166.592 183.534 165.82 182.611 165.184 181.596C165.223 181.636 165.265 181.674 165.309 181.709C166.188 182.838 167.323 183.744 168.62 184.353C169.918 184.962 171.341 185.256 172.774 185.213C175.282 185.19 177.723 184.396 179.762 182.938C180.693 182.297 181.531 181.531 182.253 180.663C182.697 181.428 183.272 182.109 183.953 182.675C185.556 184.01 187.588 184.723 189.676 184.682C191.928 184.682 194.961 183.266 198 180.796C200.664 178.631 202.896 176.015 203.686 174.138C202.747 177.548 200.743 180.57 197.964 182.764C195.371 184.938 192.32 186.411 190.001 186.609C189.773 186.629 189.542 186.639 189.315 186.639C187.532 186.611 185.802 186.034 184.36 184.988C183.685 184.52 183.075 183.965 182.544 183.338C182.544 183.338 182.544 183.338 182.544 183.343C181.95 184.069 181.248 184.699 180.461 185.211C178.567 186.458 176.342 187.11 174.073 187.084V187.084Z"
                fill="#34CFFF" />
            <path
                d="M140.532 258.164C143.899 257.797 147.077 256.43 149.654 254.239C156.451 256.826 163.874 257.183 172.013 250.046C175.616 251.696 181.943 252.841 188.062 245.701C183.613 254.945 178.223 256.809 171.03 256.382C167.772 258.677 164.025 260.186 160.083 260.789C156.141 261.393 152.112 261.075 148.315 259.861C146.003 261.487 143.335 262.539 140.533 262.929L140.532 258.164ZM128.641 259.326C123.007 262.626 116.75 261.824 109.414 256.381C97.4969 255.834 92.2469 245.626 91.1317 243.11C97.5483 250.881 102.524 252.738 108.247 250.046C113.434 253.793 117.548 258.699 127.743 254.597C130.318 256.381 133.245 257.597 136.328 258.164V262.689C133.598 261.994 131.001 260.858 128.64 259.326H128.641Z"
                fill="#34CFFF" />
            <path
                d="M25.1675 231.403C23.145 228.975 21.2921 226.412 19.622 223.732C20.5993 224.01 21.6181 224.114 22.6317 224.039C36.445 240.548 47.818 233.135 53.5085 225.722C55.3102 223.372 56.1372 219.838 56.4218 215.748C58.076 215.401 59.6055 214.615 60.8494 213.473C61.3899 221.412 62.1016 232.83 49.4026 238.453C46.9075 239.601 44.1971 240.211 41.4491 240.242C33.1408 240.239 27.5205 234.165 25.1675 231.403Z"
                fill="#00C3FF" />
            <path
                d="M251.446 231.403C253.469 228.975 255.322 226.412 256.992 223.732C256.015 224.01 254.996 224.114 253.982 224.039C240.169 240.549 228.796 233.136 223.105 225.722C221.304 223.372 220.477 219.838 220.192 215.748C218.537 215.4 217.008 214.613 215.764 213.47C215.224 221.408 214.512 232.827 227.211 238.449C229.706 239.598 232.417 240.208 235.165 240.239C243.473 240.239 249.093 234.165 251.446 231.403Z"
                fill="#00C3FF" />
            <path
                d="M55.1363 187.918C55.1363 177.842 61.2151 169.97 62.3844 168.549C62.2925 168.711 62.1985 168.877 62.1024 169.05C57.9883 176.457 58.1676 192.511 59.9557 206.604C59.3064 208.368 58.1084 209.877 56.5371 210.912C56.429 203.053 55.1363 194.202 55.1363 187.918Z"
                fill="#34CFFF" />
            <path
                d="M221.478 187.918C221.478 177.846 215.399 169.97 214.23 168.549C214.322 168.711 214.416 168.877 214.512 169.05C218.626 176.454 218.447 192.511 216.659 206.609C217.309 208.37 218.507 209.878 220.077 210.912C220.186 203.053 221.478 194.199 221.478 187.918Z"
                fill="#34CFFF" />
            <path
                d="M45.4135 272.17C45.4819 272.075 50.0221 262.468 58.4151 261.713C57.208 263.061 56.1378 264.332 55.2163 265.511L54.9091 265.559C49.7492 266.386 46.2404 272.17 46.2404 272.17H45.4135Z"
                fill="#00C3FF" />
            <path fill-rule="evenodd" clip-rule="evenodd"
                d="M137 40.0024C108.06 40.2827 70.0373 64.7917 76.5 93.67C80.6373 112.157 92.2698 108.133 107.787 102.765C116.58 99.7233 126.62 96.2501 137.25 96.1963C147.88 96.2501 157.92 99.7233 166.713 102.765C182.23 108.133 193.863 112.157 198 93.67C204.463 64.7917 166.44 40.2827 137.5 40.0024V40C137.417 40 137.333 40.0002 137.25 40.0006C137.167 40.0002 137.083 40 137 40V40.0024Z"
                fill="#002C3A" />
            <path fill-rule="evenodd" clip-rule="evenodd"
                d="M136.989 44.8779C103.809 45.1666 74.9154 72.9226 80.1068 92.9619C84.0621 105.085 91.2104 102.631 103.31 98.4754C111.911 95.5217 123.014 91.7088 137.25 91.6627C151.486 91.7088 162.589 95.5217 171.19 98.4754C183.29 102.631 190.438 105.085 194.393 92.9619C199.584 72.9226 170.691 45.1666 137.511 44.8779V44.8756C137.424 44.8756 137.337 44.8758 137.25 44.8762C137.163 44.8758 137.076 44.8756 136.989 44.8756V44.8779Z"
                fill="#34CFFF" />
            <path
                d="M231.464 272.169C231.395 272.075 226.855 262.465 218.462 261.713C219.669 263.061 220.739 264.331 221.661 265.511L221.968 265.559C227.128 266.382 230.637 272.169 230.637 272.169H231.464Z"
                fill="#00C3FF" />
            <path
                d="M60.6232 265.099C62.2996 263.389 64.1697 262.018 65.9128 261.916C67.6774 261.979 69.4201 262.327 71.0728 262.947C70.0965 263.796 69.1811 264.713 68.3334 265.689C65.7859 265.265 63.2057 265.067 60.6232 265.099V265.099Z"
                fill="#00C3FF" />
            <path
                d="M216.253 265.099C214.577 263.389 212.707 262.018 210.964 261.919C209.199 261.981 207.457 262.328 205.804 262.947C206.78 263.797 207.695 264.715 208.543 265.693C211.09 265.267 213.671 265.068 216.253 265.099V265.099Z"
                fill="#00C3FF" />
            <path
                d="M84.0078 272.17C80.4536 269.581 76.449 267.671 72.197 266.538C73.0007 265.652 73.944 264.903 74.9896 264.32C79.96 265.935 84.5165 268.614 88.3399 272.17H84.0078Z"
                fill="#00C3FF" />
            <path
                d="M192.869 272.169C196.423 269.581 200.427 267.672 204.679 266.539C203.876 265.653 202.932 264.903 201.887 264.32C196.916 265.935 192.36 268.614 188.536 272.169H192.869Z"
                fill="#00C3FF" />
            <path
                d="M108.5 57.0504C103.3 49.8504 119.333 42.7171 128 40.0504C141 38.0504 167 35.7504 167 42.5504C167 51.0504 158 58.0504 150.5 61.0504C143 64.0504 136 62.0504 135.5 59.0504C135.1 56.6504 133.333 56.0504 132.5 56.0504C126.667 59.3838 113.7 64.2504 108.5 57.0504Z"
                fill="#34CFFF" />
            <path fill-rule="evenodd" clip-rule="evenodd"
                d="M111.049 48.354C111.161 49.0989 111.473 49.8495 112.015 50.6008C117.215 57.8008 130.182 52.9342 136.015 49.6008C136.849 49.6008 138.615 50.2008 139.015 52.6008C139.515 55.6008 146.515 57.6008 154.015 54.6008C158.381 52.8548 163.254 49.7539 166.565 45.7908C166.847 44.7398 167 43.6579 167 42.5504C167 35.7504 141 38.0504 128 40.0504C122.967 41.5991 115.449 44.6542 111.049 48.354Z"
                fill="#A7EAFF" />
            <path
                d="M105.5 51.0504C107.5 45.4504 121.333 41.3837 128 40.0504C125.167 41.3837 118.4 44.9504 114 48.5504C108.5 53.0504 107.5 58.5504 117.5 58.5504C127.5 58.5504 138 49.0504 140.5 46.0504C143 43.0504 145.5 42.0504 147.5 44.0504C149.5 46.0504 143 50.0504 139 54.5504C135 59.0504 139.5 60.0504 144.5 60.0504C154.5 60.0504 164 52.0504 167 43.0504C173 52.5504 149.5 64.5504 144 65.0504C138.5 65.5504 133.5 64.5504 132.5 58.0504C128.5 61.0504 121.5 63.5504 114 63.5504C106.5 63.5504 103 58.0504 105.5 51.0504Z"
                fill="#002C3A" />

            <g class="l-pupil">
                <path
                    d="M110.591 65C105.707 65 101.892 70.3913 102.221 77.2921C102.55 84.1929 106.87 88.1932 111.289 88.1932C115.709 88.1932 119.544 83.9036 119.544 76.5966C119.544 69.2896 115.476 65 110.591 65Z"
                    fill="#002C3A" />
                <!-- <path d="M110.872 68.2313C109.924 68.2463 109.02 68.6324 108.355 69.3064C107.69 69.9804 107.317 70.8882 107.317 71.834C107.317 72.7797 107.69 73.6876 108.355 74.3616C109.02 75.0356 109.924 75.4218 110.872 75.4367C111.339 75.4225 111.797 75.3141 112.221 75.118C112.644 74.9219 113.023 74.6421 113.334 74.2956C113.646 73.9492 113.884 73.5433 114.033 73.1025C114.183 72.6617 114.242 72.1951 114.205 71.7311C114.22 71.2821 114.146 70.8347 113.986 70.4148C113.826 69.9949 113.584 69.6109 113.273 69.2852C112.963 68.9595 112.591 68.6986 112.179 68.5177C111.767 68.3367 111.323 68.2394 110.872 68.2313V68.2313Z" fill="white"/>
                <path d="M114.276 79.8269C113.648 79.8269 113.046 80.0756 112.602 80.5183C112.158 80.9609 111.909 81.5613 111.909 82.1873C111.909 82.8134 112.158 83.4138 112.602 83.8565C113.046 84.2991 113.648 84.5478 114.276 84.5478C114.581 84.5386 114.881 84.4677 115.159 84.3394C115.436 84.211 115.684 84.0279 115.888 83.8011C116.093 83.5743 116.249 83.3086 116.347 83.0199C116.445 82.7312 116.484 82.4257 116.46 82.1217C116.47 81.8274 116.421 81.534 116.316 81.2587C116.212 80.9834 116.053 80.7316 115.85 80.518C115.646 80.3045 115.402 80.1333 115.132 80.0147C114.862 79.896 114.571 79.8322 114.276 79.8269V79.8269Z" fill="#2B5E6D"/> -->
            </g>
            <g class="r-pupil">
                <path
                    d="M165.971 65C170.855 65 174.67 70.3913 174.341 77.2921C174.013 84.1929 169.692 88.1932 165.274 88.1932C160.855 88.1932 157.019 83.9036 157.019 76.5966C157.019 69.2896 161.082 65 165.971 65Z"
                    fill="#002C3A" />
                <!-- <path d="M165.685 68.2313C166.633 68.2463 167.538 68.6324 168.203 69.3064C168.868 69.9804 169.241 70.8882 169.241 71.834C169.241 72.7797 168.868 73.6876 168.203 74.3616C167.538 75.0356 166.633 75.4218 165.685 75.4367C165.219 75.4225 164.76 75.3141 164.337 75.118C163.914 74.9219 163.535 74.6421 163.223 74.2956C162.912 73.9492 162.674 73.5433 162.524 73.1025C162.374 72.6617 162.316 72.1951 162.352 71.7311C162.337 71.2822 162.412 70.8348 162.572 70.4149C162.732 69.9951 162.974 69.6111 163.285 69.2855C163.595 68.9598 163.967 68.6989 164.379 68.5179C164.791 68.337 165.235 68.2395 165.685 68.2313V68.2313Z" fill="white"/>
                <path d="M162.284 79.8269C162.9 79.8439 163.485 80.1 163.915 80.5408C164.345 80.9816 164.586 81.5723 164.586 82.1873C164.586 82.8023 164.345 83.3931 163.915 83.8339C163.485 84.2748 162.9 84.5309 162.284 84.5478C161.978 84.5386 161.678 84.4678 161.4 84.3394C161.123 84.2111 160.875 84.028 160.67 83.8012C160.466 83.5744 160.31 83.3086 160.212 83.02C160.113 82.7313 160.075 82.4257 160.098 82.1217C160.088 81.8273 160.137 81.5339 160.242 81.2585C160.347 80.9831 160.505 80.7313 160.709 80.5177C160.912 80.3041 161.156 80.133 161.427 80.0144C161.697 79.8958 161.988 79.8321 162.284 79.8269Z" fill="#2B5E6D"/> -->
            </g>

            <circle class="eyeball" cx="111" cy="74" r="24" fill="#34CFFF" fill-opacity="0.01" />
            <circle class="eyeball" cx="166" cy="74" r="24" fill="#34CFFF" fill-opacity="0.01" />
        </svg>
        <!-- This is the svg end -->





        